     Assignmens     3.15     3.19     3.38     3.58     3.78     4.00     4.21     4.42     4.67     5.02     5.21     5.40     5.57     5.71 
            ?-?  121.070  121.082  121.091  120.704  120.620  121.264  121.377  121.490  121.618        -        -        -        -        - 
        ??U1N-H  119.645  119.657  119.739  119.856  119.982  120.217        -        -        -        -        -        -        -        - 
       ?D115N-H  120.928  120.939  120.948  120.932  120.963  121.179  121.349  121.513  121.748        -        -        -        -        - 
        ?D98N-H  120.879  120.844  120.766  120.773  120.859  121.179  121.044  121.278  121.478        -        -        -        -        - 
       ?E104N-H  120.440  120.498  120.578  120.698  120.778  121.027  121.043  121.127  121.220        -        -        -        -        - 
       ?E123N-H  120.757  120.809  120.807  120.807  120.729  120.869  120.867  121.077  121.244        -        -        -        -        - 
       ?E139N-H  120.760  120.780  120.808  120.880  120.946  121.027  121.147  121.259  121.353        -        -        -        -        - 
        ?E28N-H  120.518  120.506  120.506  120.511  120.510  120.506  120.480  120.518        -        -        -        -        -        - 
        ?E57N-H  120.499  120.502  120.533  120.590  120.626  120.721  120.787  120.884  120.957  121.032  121.070  121.079  121.097  121.103 
        ?H50N-H  123.723  123.791  123.994  124.175  124.368  124.570  124.698  124.762  124.839  124.883  124.890  124.909  124.915  124.898 
        ?K12N-H  120.928  120.939  120.948  120.932  120.963  120.984  120.787  120.884  120.957  121.032  121.070  121.079  121.097  121.103 
        ?K34N-H  123.402  123.407  123.430  123.541  123.600  123.675  123.766  123.814  123.904        -        -        -        -        - 
         ?M5N-H  122.148  122.151  122.186  122.181  122.194  122.288  122.387  122.485        -        -        -        -        -        - 
        ?Q99N-H  119.645  119.657  119.739  119.856  119.982  120.217        -        -        -        -        -        -        -        - 
         ?U1N-H  120.259  120.275  120.296  120.331  120.349  120.486  120.480  120.518        -        -        -        -        -        - 
       ?V118N-H  120.757  120.809  120.807  120.807  120.729  120.869  120.867  120.828  120.997  121.031  121.070  121.101  121.123  121.123 
        ?V26N-H  118.611  118.607  118.618  118.634  118.667  118.775  118.942  119.086  119.298  119.668  119.807  119.990  120.024  120.006 
        ?V74N-H  119.745  119.712  119.716  119.710  119.709  119.701  119.704  119.709  119.691        -        -        -        -        - 
       ?Y125N-H  120.055  120.042  120.028  120.028  120.026  120.021  120.031  120.015  120.008  120.009  120.009  119.990  120.066  120.142 
        A107N-H  124.888  124.909  124.907  124.884  124.891  124.905  124.933  124.942  124.973  125.011  125.012  125.032  125.040  125.046 
        A124N-H  124.040  124.004  123.995  123.964  123.971  123.981  124.053  124.104  124.204  124.351  124.423  124.506  124.579  124.576 
        A140N-H  128.069  128.196  128.587  128.966  129.351  129.867  130.249  130.499  130.713  130.897  130.954  131.025  131.060  131.080 
         A17N-H  128.442  128.417  128.421  128.415  128.407  128.463  128.503  128.548  128.581  128.623  128.640  128.664  128.669  128.658 
         A27N-H  127.655  127.645  127.614  127.588  127.553  127.540  127.514  127.510  127.517  127.520  127.525  127.525  127.531  127.523 
         A53N-H  128.628  128.624  128.596  128.587  128.558  128.523  128.514  128.493  128.497  128.483  128.477  128.482  128.478  128.473 
         A69N-H  123.865  123.888  123.880  123.888  123.890  123.876  123.869  123.854  123.871  123.872  123.868  123.874  123.874  123.856 
         A76N-H  127.674  127.650  127.656  127.650  127.650  127.621  127.642  127.617  127.628  127.647  127.650  127.656  127.664  127.660 
         A85N-H  124.120  124.116  124.105  124.094  124.108  124.099  124.078  124.062  124.058  124.053  124.046  124.052  124.052  124.045 
         A89N-H  128.310  128.267  128.289  128.259  128.268  128.259  128.251  128.254  128.276  128.297  128.296  128.302  128.312  128.311 
        D115N-H        -        -        -        -        -        -        -        -        -  121.241  121.355  121.461  121.541  121.567 
        D119N-H  124.069  124.089  124.267  124.432  124.621  124.892  125.215  125.316  125.581  125.881  125.994  126.109  126.183  126.210 
        D121N-H  117.719  117.735  117.822  117.882  117.965  118.124  118.333  118.471  118.707  119.003  119.131  119.258  119.337  119.376 
        D135N-H  120.983  120.989  120.975  120.968  120.960  120.928  120.907  120.932  121.155  121.421  121.539  121.662  121.754  121.793 
         D98N-H        -        -        -        -        -        -        -        -        -  121.335  121.345  121.384  121.407  121.402 
        E104N-H        -        -        -        -        -        -        -        -        -  121.350  121.404  121.456  121.491  121.500 
        E110N-H  122.048  122.043  122.005  121.980  121.911  121.924  122.056  122.153  122.312  122.518  122.581  122.657  122.717  122.732 
        E123N-H        -        -        -        -        -        -        -        -        -  121.491  121.590  121.708  121.800  121.834 
        E126N-H  123.822  123.805  123.850  123.848  123.841  123.774  123.738  123.697  123.658  123.666  123.610  123.732  123.919  123.994 
        E130N-H  122.144  122.109  122.142  122.169  122.182  122.174  122.399  122.546  122.755  122.996  123.090  123.204  123.278  123.310 
        E137N-H  124.019  124.081  124.110  124.144  124.238  124.386  124.540  124.696  124.884  125.143  125.240  125.379  125.455  125.495 
        E139N-H        -        -        -        -        -        -        -        -        -  121.504  121.577  121.645  121.703  121.715 
         E20N-H  119.718  119.736  119.763  119.811  119.843  119.938  120.034  120.082  120.184  120.227  120.264  120.293  120.301  120.296 
         E28N-H        -        -        -        -        -        -        -        -  120.546  120.568  120.566  120.561  120.564  120.563 
         E83N-H  124.983  125.004  125.019  125.030  125.067  125.141  125.215  125.316  125.393  125.490  125.497  125.540  125.557  125.573 
        G101N-H  109.686  109.727  109.699  109.708  109.707  109.745  109.759  109.800  109.830  109.875  109.896  109.926  109.936  109.938 
        G111N-H  110.445  110.410  110.420  110.364  110.273  110.270  110.273  110.286  110.360  110.384  110.411  110.425  110.435  110.436 
         G31N-H  108.032  108.016  107.999  107.972  107.973  107.937  107.930  107.898  107.890  107.891  107.882  107.882  107.886  107.883 
         G41N-H  112.297  112.280  112.299  112.283  112.303  112.291  112.293  112.289  112.307  112.286  112.293  112.301  112.311  112.290 
         G67N-H  112.841  112.842  112.840  112.834  112.825  112.822  112.813  112.810  112.811  112.820  112.815  112.821  112.818  112.818 
         G68N-H  108.924  108.926  108.921  108.933  108.918  108.923  108.908  108.921  108.914  108.925  108.921  108.918  108.924  108.929 
         G73N-H  111.538  111.501  111.498  111.496  111.509  111.500  111.484  111.490  111.517  111.509  111.502  111.514  111.524  111.524 
         G84N-H  110.863  110.949  110.925  110.917  110.922  110.909  110.879  110.874  110.897  110.895  110.890  110.898  110.903  110.908 
         G86N-H  108.385  108.332  108.385  108.375  108.368  108.362  108.361  108.348  108.353  108.339  108.328  108.342  108.330  108.333 
         G93N-H  110.765  110.770  110.755  110.794  110.776  110.782  110.808  110.807  110.817  110.827  110.823  110.839  110.849  110.844 
         K21N-H  122.666  122.659  122.628  122.597  122.563  122.525  122.509  122.491  122.507  122.484  122.506  122.498  122.511  122.505 
         K32N-H  120.853  120.842  120.845  120.827  120.815  120.807  120.799  120.804  120.803  120.801  120.806  120.807  120.814  120.801 
         K34N-H  124.254  124.221  124.193  124.147  124.133  124.095  124.062  124.056  124.052  123.987  124.004  124.021  124.026  124.036 
         K58N-H  123.080  123.034  123.008  122.964  122.945  122.938  122.948  122.968  122.983  123.029  123.050  123.079  123.087  123.092 
         K96N-H  126.384  126.379  126.412  126.432  126.467  126.506  126.561  126.582  126.635  126.644  126.661  126.677  126.683  126.672 
        L113N-H  125.925  125.880  125.923  125.956  126.018  126.155  126.317  126.459  126.635  126.931  127.041  127.152  127.234  127.269 
         L38N-H  126.147  126.128  126.100  126.097  126.047  126.022  126.020  126.014  126.013  126.042  126.023  126.035  126.036  126.048 
          L8N-H  121.728  121.725  121.715  121.708  121.718  121.701  121.698  121.673  121.674  121.672  121.676  121.675  121.682  121.666 
        M116N-H  121.827  121.843  121.823  121.826  121.845  121.855  121.886  121.920  121.987  122.075  122.125  122.168  122.200  122.202 
          M5N-H  122.796  122.773  122.763  122.723  122.713  122.689  122.686  122.665  122.645  122.717  122.680  122.679  122.676  122.680 
        N103N-H  119.507  119.528  119.540  119.570  119.600  119.669  119.741  119.814  119.876  120.019  120.036  120.079  120.115  120.116 
        N122N-H  118.844  118.858  118.858  118.858  118.858  118.919  118.995  119.059  119.126  119.236  119.264  119.288  119.305  119.307 
         N65N-H  122.024  122.014  121.993  121.979  121.992  121.983  121.967  121.975  121.976  121.983  121.993  121.993  121.990  121.992 
        Q109N-H  120.806  120.824  120.844  120.853  120.870  120.928  120.977  121.042  121.130  121.234  121.300  121.338  121.360  121.393 
         Q99N-H  120.259  120.275  120.296  120.331  120.349  120.486  120.480  120.417  120.394  120.379  120.371  120.383  120.349  120.342 
        S129N-H  115.344  115.366  115.416  115.440  115.534  115.684  115.869  116.056  116.272  116.570  116.687  116.800  116.885  116.933 
         S42N-H  115.658  115.647  115.660  115.663  115.674  115.673  115.687  115.694  115.687  115.690  115.681  115.696  115.696  115.701 
         S87N-H  115.786  115.776  115.689  115.816  115.782  115.815  115.823  115.801  115.790  115.825  115.813  115.806  115.821  115.825 
          S9N-H  117.014  116.999  116.998  116.986  116.970  116.943  116.953  116.942  116.931  116.918  116.922  116.922  116.922  116.914 
         T22N-H  115.786  115.776  115.689  115.659  115.641  115.580  115.550  115.533  115.526  115.536  115.527  115.559  115.569  115.564 
         T33N-H  115.849  115.846  115.798  115.798  115.776  115.763  115.766  115.775  115.794  115.820  115.821  115.840  115.826  115.825 
         T44N-H  115.786  115.776  115.689  115.659  115.666  115.674  115.683  115.703  115.732  115.711  115.723  115.728  115.744  115.739 
         T54N-H  115.181  115.149  115.136  115.115  115.096  115.083  115.087  115.111  115.123  115.145  115.141  115.168  115.186  115.182 
         T59N-H  116.078  116.063  116.050  116.021  116.019  116.006  116.048  116.092  116.132  116.195  116.212  116.254  116.265  116.266 
         T64N-H  118.447  118.427  118.419  118.402  118.381  118.354  118.333  118.333  118.346  118.362  118.357  118.372  118.378  118.382 
         T72N-H  119.049  119.027  119.007  118.984  118.997  118.978  118.975  118.970  118.970  118.961  118.954  118.983  118.981  118.978 
         T75N-H  119.398  119.353  119.354  119.340  119.333  119.297  119.300  119.290  119.295  119.313  119.324  119.327  119.344  119.339 
         T81N-H  117.065  117.042  117.044  117.035  117.057  117.066  117.092  117.124  117.159  117.207  117.202  117.228  117.244  117.238 
         T92N-H  112.897  112.908  112.906  112.860  112.851  112.822  112.829  112.826  112.834  112.852  112.856  112.877  112.884  112.889 
          U1N-H        -        -        -        -        -        -        -        -  120.594  120.634  120.642  120.712  120.738  120.709 
          U2N-H  123.620  123.622  123.585  123.571  123.571  123.544  123.544  123.536  123.532  123.571  123.608  123.652  123.730  123.784 
         V37N-H  119.738  119.724  119.713  119.739  119.720  119.710  119.726  119.718  119.713  119.737  119.737  119.750  119.756  119.757 
         V40N-H  122.215  122.171  122.198  122.210  122.245  122.365  122.535  122.707  122.985  123.407  123.610  123.732  123.704  123.708 
         V48N-H  119.978  119.973  119.979  119.964  119.995  119.988  120.002  120.012  119.962  119.967  119.968  119.978  120.003  120.000 
         V63N-H  122.253  122.237  122.238  122.172  122.168  122.137  122.131  122.147  122.138  122.171  122.172  122.186  122.200  122.202 
         V71N-H  125.803  125.804  125.801  125.791  125.798  125.782  125.788  125.763  125.782  125.777  125.767  125.779  125.782  125.780 
         V74N-H  119.834  119.842  119.805  119.827  119.820  119.807  119.794  119.756  119.759  119.745  119.740  119.737  119.742  119.745 
         V77N-H  120.434  120.409  120.403  120.373  120.387  120.352  120.380  120.367  120.369  120.375  120.384  120.389  120.400  120.398 
         V95N-H  123.822  123.805  123.850  123.848  123.841  123.881  123.933  123.952  123.985  124.048  124.069  124.105  124.127  124.138 
        Y136N-H  121.050  121.059  121.071  121.086  121.119  121.140  121.159  121.172  121.167  121.081  121.020  120.931  120.845  120.806 
     Assignmens     3.15     3.19     3.38     3.58     3.78     4.00     4.21     4.42     4.67     5.02     5.21     5.40     5.57     5.71 
            ?-?    8.442    8.440    8.451    8.450    8.447    8.471    8.480    8.491    8.512        -        -        -        -        - 
        ??U1N-H    8.458    8.455    8.460    8.458    8.449    8.445        -        -        -        -        -        -        -        - 
       ?D115N-H    8.392    8.396    8.396    8.391    8.370    8.396    8.412    8.424    8.451        -        -        -        -        - 
        ?D98N-H    8.460    8.454    8.452    8.439    8.441    8.396    8.411    8.426    8.460        -        -        -        -        - 
       ?E104N-H    8.567    8.558    8.555    8.541    8.533    8.516    8.508    8.500    8.510        -        -        -        -        - 
       ?E123N-H    8.347    8.354    8.359    8.361    8.344    8.357    8.357    8.361    8.383        -        -        -        -        - 
       ?E139N-H    8.488    8.488    8.494    8.498    8.503    8.516    8.524    8.539    8.553        -        -        -        -        - 
        ?E28N-H    8.488    8.486    8.490    8.486    8.484    8.480    8.446    8.480        -        -        -        -        -        - 
        ?E57N-H    8.401    8.400    8.408    8.407    8.409    8.412    8.423    8.430    8.438    8.440    8.443    8.444    8.446    8.447 
        ?H50N-H    8.945    8.937    8.925    8.907    8.893    8.878    8.868    8.861    8.860    8.853    8.851    8.850    8.850    8.854 
        ?K12N-H    8.392    8.396    8.396    8.391    8.370    8.400    8.423    8.430    8.438    8.440    8.443    8.444    8.446    8.447 
        ?K34N-H    8.507    8.503    8.516    8.512    8.515    8.525    8.534    8.541    8.550        -        -        -        -        - 
         ?M5N-H    8.336    8.333    8.333    8.324    8.321    8.319    8.312    8.310        -        -        -        -        -        - 
        ?Q99N-H    8.458    8.455    8.460    8.458    8.449    8.445        -        -        -        -        -        -        -        - 
         ?U1N-H    8.416    8.413    8.422    8.425    8.426    8.442    8.446    8.480        -        -        -        -        -        - 
       ?V118N-H    8.347    8.354    8.359    8.361    8.344    8.357    8.357    8.362    8.375    8.385    8.395    8.398    8.398    8.401 
        ?V26N-H    8.022    8.013    8.019    8.018    8.016    8.019    8.031    8.040    8.061    8.081    8.093    8.100    8.100    8.099 
        ?V74N-H    8.171    8.169    8.175    8.172    8.172    8.165    8.165    8.171    8.172        -        -        -        -        - 
       ?Y125N-H    8.079    8.073    8.107    8.100    8.099    8.095    8.096    8.096    8.094    8.097    8.096    8.100    8.108    8.115 
        A107N-H    8.189    8.183    8.188    8.185    8.179    8.180    8.177    8.183    8.186    8.188    8.190    8.191    8.197    8.197 
        A124N-H    8.294    8.291    8.296    8.293    8.292    8.293    8.298    8.296    8.301    8.304    8.304    8.306    8.309    8.310 
        A140N-H    8.428    8.409    8.370    8.322    8.279    8.223    8.182    8.155    8.133    8.109    8.101    8.096    8.096    8.096 
         A17N-H    8.509    8.501    8.507    8.505    8.501    8.509    8.519    8.526    8.528    8.532    8.530    8.533    8.536    8.537 
         A27N-H    8.501    8.499    8.502    8.498    8.493    8.493    8.494    8.497    8.499    8.500    8.501    8.501    8.501    8.502 
         A53N-H    8.594    8.591    8.595    8.593    8.590    8.589    8.588    8.587    8.589    8.586    8.584    8.586    8.586    8.586 
         A69N-H    8.244    8.242    8.247    8.242    8.242    8.239    8.240    8.239    8.240    8.238    8.238    8.239    8.240    8.240 
         A76N-H    8.464    8.462    8.466    8.464    8.463    8.460    8.462    8.459    8.461    8.461    8.461    8.462    8.462    8.463 
         A85N-H    8.384    8.375    8.377    8.374    8.370    8.364    8.359    8.355    8.348    8.343    8.342    8.341    8.342    8.341 
         A89N-H    8.431    8.420    8.432    8.429    8.427    8.425    8.426    8.432    8.433    8.434    8.435    8.434    8.435    8.438 
        D115N-H        -        -        -        -        -        -        -        -        -    8.443    8.444    8.444    8.447    8.446 
        D119N-H    8.667    8.662    8.659    8.652    8.641    8.631    8.626    8.630    8.620    8.621    8.624    8.621    8.623    8.623 
        D121N-H    8.398    8.400    8.403    8.409    8.410    8.419    8.422    8.433    8.441    8.445    8.448    8.451    8.454    8.453 
        D135N-H    8.336    8.332    8.337    8.339    8.333    8.331    8.344    8.330    8.329    8.325    8.322    8.319    8.318    8.316 
         D98N-H        -        -        -        -        -        -        -        -        -    8.494    8.490    8.488    8.489    8.489 
        E104N-H        -        -        -        -        -        -        -        -        -    8.534    8.540    8.548    8.551    8.553 
        E110N-H    8.531    8.522    8.523    8.509    8.515    8.512    8.545    8.553    8.575    8.589    8.597    8.603    8.607    8.610 
        E123N-H        -        -        -        -        -        -        -        -        -    8.410    8.420    8.432    8.439    8.447 
        E126N-H    8.113    8.113    8.127    8.130    8.137    8.144    8.151    8.152    8.156    8.153    8.153    8.162    8.185    8.190 
        E130N-H    8.485    8.487    8.490    8.492    8.493    8.498    8.505    8.533    8.566    8.604    8.620    8.637    8.647    8.655 
        E137N-H    8.138    8.134    8.140    8.146    8.148    8.160    8.175    8.191    8.216    8.252    8.271    8.292    8.309    8.318 
        E139N-H        -        -        -        -        -        -        -        -        -    8.573    8.580    8.589    8.594    8.599 
         E20N-H    8.335    8.335    8.344    8.345    8.344    8.357    8.368    8.373    8.388    8.399    8.406    8.406    8.408    8.411 
         E28N-H        -        -        -        -        -        -        -        -    8.482    8.483    8.484    8.485    8.487    8.487 
         E83N-H    8.597    8.601    8.605    8.607    8.608    8.616    8.626    8.630    8.645    8.652    8.654    8.656    8.657    8.658 
        G101N-H    8.476    8.473    8.479    8.482    8.489    8.497    8.503    8.513    8.531    8.539    8.546    8.551    8.555    8.557 
        G111N-H    8.529    8.522    8.528    8.526    8.526    8.526    8.536    8.532    8.558    8.561    8.566    8.565    8.568    8.566 
         G31N-H    8.414    8.404    8.412    8.409    8.401    8.397    8.393    8.393    8.395    8.389    8.389    8.388    8.391    8.388 
         G41N-H    8.089    8.089    8.090    8.088    8.091    8.097    8.094    8.098    8.104    8.103    8.105    8.104    8.105    8.104 
         G67N-H    8.641    8.631    8.638    8.639    8.633    8.634    8.637    8.635    8.639    8.639    8.639    8.639    8.639    8.640 
         G68N-H    8.311    8.311    8.312    8.307    8.307    8.306    8.307    8.306    8.310    8.305    8.307    8.306    8.309    8.309 
         G73N-H    8.515    8.513    8.515    8.517    8.512    8.513    8.514    8.516    8.516    8.517    8.516    8.517    8.516    8.519 
         G84N-H    8.569    8.587    8.594    8.587    8.590    8.591    8.594    8.599    8.601    8.601    8.603    8.602    8.603    8.603 
         G86N-H    8.585    8.588    8.591    8.586    8.585    8.583    8.581    8.580    8.582    8.579    8.578    8.580    8.582    8.580 
         G93N-H    8.374    8.374    8.377    8.379    8.373    8.374    8.373    8.378    8.382    8.383    8.383    8.383    8.385    8.384 
         K21N-H    8.414    8.408    8.415    8.408    8.407    8.407    8.409    8.409    8.416    8.418    8.419    8.419    8.420    8.422 
         K32N-H    8.243    8.231    8.228    8.224    8.215    8.204    8.195    8.189    8.187    8.183    8.181    8.179    8.178    8.180 
         K34N-H    8.531    8.528    8.538    8.532    8.534    8.537    8.541    8.546    8.554    8.553    8.555    8.557    8.561    8.562 
         K58N-H    8.527    8.516    8.526    8.517    8.516    8.514    8.516    8.518    8.524    8.523    8.524    8.525    8.524    8.525 
         K96N-H    8.456    8.454    8.463    8.460    8.462    8.466    8.474    8.475    8.473    8.481    8.480    8.480    8.483    8.482 
        L113N-H    8.396    8.388    8.401    8.402    8.408    8.418    8.434    8.443    8.473    8.475    8.484    8.488    8.498    8.500 
         L38N-H    8.373    8.370    8.372    8.369    8.363    8.366    8.366    8.365    8.369    8.368    8.367    8.367    8.369    8.370 
          L8N-H    8.145    8.146    8.150    8.138    8.139    8.138    8.140    8.141    8.145    8.145    8.146    8.145    8.148    8.146 
        M116N-H    8.259    8.259    8.264    8.267    8.267    8.268    8.278    8.288    8.302    8.323    8.330    8.339    8.364    8.364 
          M5N-H    8.281    8.272    8.286    8.285    8.287    8.292    8.293    8.294    8.302    8.296    8.299    8.296    8.299    8.297 
        N103N-H    8.649    8.643    8.656    8.656    8.657    8.666    8.673    8.681    8.691    8.695    8.699    8.700    8.705    8.705 
        N122N-H    8.238    8.229    8.219    8.208    8.194    8.187    8.180    8.182    8.187    8.187    8.188    8.189    8.191    8.190 
         N65N-H    8.608    8.608    8.611    8.606    8.605    8.602    8.598    8.601    8.603    8.601    8.602    8.602    8.604    8.603 
        Q109N-H    8.610    8.609    8.614    8.616    8.617    8.622    8.632    8.636    8.652    8.660    8.666    8.670    8.674    8.677 
         Q99N-H    8.416    8.413    8.422    8.425    8.426    8.442    8.446    8.438    8.438    8.434    8.434    8.432    8.420    8.420 
        S129N-H    8.415    8.415    8.420    8.425    8.433    8.447    8.465    8.481    8.506    8.535    8.547    8.558    8.568    8.574 
         S42N-H    8.332    8.327    8.333    8.331    8.324    8.326    8.323    8.328    8.332    8.330    8.330    8.331    8.331    8.333 
         S87N-H    8.218    8.216    8.227    8.216    8.216    8.214    8.215    8.216    8.227    8.219    8.222    8.221    8.224    8.223 
          S9N-H    8.405    8.405    8.407    8.402    8.397    8.400    8.402    8.402    8.405    8.405    8.407    8.406    8.407    8.406 
         T22N-H    8.218    8.216    8.227    8.221    8.220    8.215    8.215    8.214    8.215    8.216    8.216    8.217    8.217    8.219 
         T33N-H    8.277    8.275    8.281    8.277    8.279    8.284    8.290    8.294    8.304    8.306    8.307    8.310    8.315    8.314 
         T44N-H    8.218    8.216    8.227    8.221    8.222    8.228    8.233    8.237    8.242    8.249    8.251    8.251    8.254    8.255 
         T54N-H    8.287    8.290    8.297    8.293    8.295    8.301    8.305    8.311    8.316    8.317    8.319    8.320    8.324    8.323 
         T59N-H    8.258    8.251    8.257    8.256    8.257    8.261    8.268    8.276    8.284    8.294    8.296    8.297    8.303    8.305 
         T64N-H    8.380    8.380    8.388    8.383    8.382    8.380    8.381    8.381    8.384    8.384    8.386    8.385    8.388    8.390 
         T72N-H    8.411    8.399    8.407    8.402    8.400    8.397    8.397    8.397    8.399    8.398    8.398    8.399    8.400    8.401 
         T75N-H    8.389    8.389    8.396    8.388    8.387    8.385    8.385    8.385    8.391    8.389    8.389    8.389    8.391    8.392 
         T81N-H    8.346    8.346    8.350    8.348    8.348    8.354    8.360    8.366    8.371    8.377    8.379    8.380    8.383    8.382 
         T92N-H    8.177    8.171    8.174    8.174    8.169    8.170    8.168    8.172    8.176    8.180    8.180    8.181    8.183    8.184 
          U1N-H        -        -        -        -        -        -        -        -    8.473    8.475    8.479    8.478    8.484    8.485 
          U2N-H    8.809    8.803    8.808    8.808    8.805    8.803    8.802    8.801    8.801    8.796    8.792    8.785    8.775    8.767 
         V37N-H    8.064    8.055    8.053    8.045    8.037    8.023    8.018    8.006    8.006    7.996    7.994    7.992    7.992    7.993 
         V40N-H    8.026    8.019    8.027    8.032    8.033    8.045    8.061    8.079    8.104    8.134    8.153    8.162    8.155    8.158 
         V48N-H    8.043    8.030    8.038    8.037    8.042    8.037    8.033    8.031    8.018    8.011    8.007    8.005    8.004    8.004 
         V63N-H    8.387    8.388    8.388    8.381    8.378    8.372    8.369    8.366    8.369    8.370    8.370    8.368    8.364    8.364 
         V71N-H    8.493    8.492    8.496    8.491    8.488    8.487    8.489    8.486    8.490    8.489    8.489    8.490    8.489    8.492 
         V74N-H    8.210    8.206    8.206    8.205    8.200    8.198    8.199    8.188    8.195    8.180    8.183    8.178    8.177    8.175 
         V77N-H    8.256    8.243    8.243    8.236    8.239    8.236    8.240    8.237    8.240    8.240    8.240    8.240    8.242    8.243 
         V95N-H    8.113    8.113    8.127    8.130    8.137    8.124    8.126    8.128    8.133    8.133    8.134    8.133    8.134    8.135 
        Y136N-H    8.153    8.149    8.158    8.162    8.159    8.161    8.165    8.163    8.162    8.157    8.151    8.144    8.138    8.134 
