      Assignment         w1         w2   Data Height       S/N  

           ?2CA-H     53.343      8.356       415653          9 
           ?3CA-H     52.976      8.262       274562          6 
         M5CA-K6H     55.267      8.354       486068         10 
         L8CA-S9H     55.113      8.403       518200         11 
        S9CA-K10H     58.373      8.482       354021          7 
       G14CA-V15H     45.293      8.061      -266499          6 
       E20CA-K21H     56.269      8.426       384637          8 
       K21CA-T22H     56.670      8.227       341046          7 
       V26CA-A27H     62.536      8.503       587786         12 
       A27CA-E28H     52.777      8.408       803061         17 
       E28CA-A29H     56.450      8.346       775002         16 
       K32CA-T33H     56.268      8.281       401796          8 
       Y39CA-V40H     57.951      8.132       681317         14 
       V40CA-G41H     62.155      8.089       332943          7 
       S42CA-K43H     58.378      8.585       410481          9 
       K43CA-T44H     56.535      8.215       329310          7 
       T54CA-V55H     61.856      8.344       310416          6 
       K58CA-T59H     56.659      8.252       337292          7 
       N65CA-V66H     53.115      8.329       454032          9 
       V66CA-G67H     62.686      8.632       488701         10 
       G68CA-A69H     44.998      8.244      -383593          8 
       A76CA-V77H     52.468      8.238       459906         10 
       Q79CA-K80H     55.740      8.514       479562         10 
       V82CA-E83H     62.317      8.599       381510          8 
       E83CA-G84H     55.968      8.588       297483          6 
       A85CA-G86H     52.909      8.583       399106          8 
       G86CA-S87H     45.276      8.222      -413954          9 
       S87CA-I88H     58.434      8.264       428710          9 
       I88CA-A89H     61.327      8.426       364575          8 
       A91CA-T92H     52.651      8.170       433958          9 
       D98CA-Q99H     53.498      8.453       326771          7 
     L100CA-G101H     55.375      8.470       319822          7 
     K102CA-N103H     56.393      8.647       271468          6 
     N103CA-E104H     53.379      8.419       343227          7 
     P108CA-Q109H     63.211      8.608       220460          5 
     Q109CA-E110H     55.740      8.514       479562         10 
     G111CA-I112H     45.268      8.072      -513232         11 
     I112CA-L113H     61.243      8.392       213699          4 
     L113CA-E114H     55.113      8.403       518200         11 
     E114CA-D115H     55.893      8.338       396328          8 
     P117CA-V118H     62.978      8.341       202728          4 
     P120CA-D121H     63.587      8.408       193223          4 
     D121CA-N122H     53.357      8.230       305435          6 
     N122CA-E123H     53.413      8.269       312024          7 
     E123CA-A124H     56.659      8.252       337292          7 
     A124CA-Y125H     52.845      8.013       280755          6 
     Y125CA-E126H     57.951      8.132       681317         14 
     E126CA-M127H     55.113      8.403       518200         11 
     P128CA-S129H     63.587      8.408       193223          4 
     S129CA-E130H     58.378      8.585       410481          9 
     Q134CA-D135H     55.637      8.350       246983          5 
     D135CA-Y136H     52.985      8.150       249180          5 
     Y136CA-E137H     57.951      8.132       681317         14 
     P138CA-E139H     62.942      8.485       436722          9 
